26 41
3 44
7 40
65 23
6 29
34 27
16 19
26 23
31 25
10 21
53 18
1 20
13 31
6 189
15 19
17 26
10 28
35 26
29 21
47 20
3 26
72 17
22 23
25 20
23 23
23 20
25 17
10 53
35 30
77 28
3 62
12 18
8 29
7 25
18 18
2 20
20 43
11 19
24 16
74 24
9 39
8 56
12 21
14 18
15 40
31 19
59 17
34 25
9 64
26 29
14 46
13 26
31 22
7 19
39 22
50 21
3 55
21 29
4 60
14 26
31 34
22 16
57 26
9 73
3 23
8 34
58 23
1 75
12 30
61 23
41 24
4 34
41 23
5 18
14 20
14 47
47 25
18 45
7 20
9 33
8 15
24 22
11 20
7 23
40 26
33 17
23 23
7 23
7 28
41 21
32 24
9 25
3 20
21 21
7 45
47 18
13 30
30 29
1 46
17 14
disjoint
disjoint
